2.553422401100397199e+00
1.877638277709483994e+00
2.170052243545651294e+00
2.353107730597257419e+00
2.016831471025943845e+00
2.454771847203373714e+00
2.658416006267070753e+00
2.466685921177267815e+00
2.733579486012458926e+00
3.066234903335571360e+00
2.767078468054533058e+00
3.030207843035459536e+00
3.287249160110950363e+00
3.212958305478096133e+00
3.345646892860531629e+00
3.300532030612230106e+00
3.191286740601062988e+00
3.426592416465282565e+00
3.754127940386533524e+00
3.531683079451322538e+00
3.525563269853591919e+00
3.733897140622139066e+00
3.661426238119602328e+00
3.711129876971244634e+00
3.820326541215181226e+00
3.633340193331241696e+00
3.742805271595716299e+00
3.798900251612067347e+00
3.714131275862455173e+00
3.800577483475208407e+00
3.911268484443426008e+00
3.761103124767541939e+00
3.872086673080921138e+00
3.866940379887819468e+00
3.771912026852369149e+00
3.840976937115192502e+00
3.986885408461093849e+00
3.871337508261203819e+00
3.973908974677324402e+00
4.067039217948913432e+00
3.915356695801019526e+00
4.135671787858009374e+00
3.989137563705444478e+00
3.985077642500400419e+00
4.054334287047385743e+00
4.171103427410125519e+00
4.152906758189200964e+00
4.236234849095344757e+00
4.319492391496896566e+00
4.257111560255289362e+00
